range 1,range 2,range 3,range 4
0.003063250416966757,0.003063250416966757,0.9999999999999993,1.5975758917453025e-15
0.0035777067707645246,0.0035777067707645246,0.9999999999999993,0.0
0.002200179760455,0.002200179760455,0.9999999999999994,1.9662478899742645e-15
0.004716207199802277,0.004716207199802277,0.9999999999999993,3.68671998228962e-15
0.04765616265197459,0.04765616265197459,0.9999999999999994,5.652959570523286e-15
0.0014792752545302503,0.0014792752545302503,1.0,5.407172703876912e-15
0.01815591945669013,0.01815591945669013,0.9999999999999994,5.161385837230539e-15
0.005343305908434231,0.005343305908434231,0.9999999999999993,1.3517945595926612e-15
0.01308318805421361,0.01308318805421361,0.9999999999999993,5.89874643716966e-15
0.016926859996719217,0.016926859996719217,0.9999999999999994,0.0
0.0020701044854011413,0.0020701044854011413,0.9999999999999996,0.0
0.004629548826057519,0.004629548826057519,0.9999999999999994,2.2120292221269054e-15
0.054309176311264085,0.054309176311264085,0.9999999999999992,1.5361319423305752e-15
0.0032876857925214172,0.0032876857925214172,0.9999999999999993,2.8264936214959734e-15
0.0023871967000518237,0.0023871967000518237,0.9999999999999993,2.2120292221269054e-15
0.002518228181332377,0.002518228181332377,0.9999999999999996,3.1951462489968728e-15
0.0019518275937817412,0.0019518275937817412,0.9999999999999992,1.904801173312671e-15
0.011203514100405878,0.011203514100405878,0.9999999999999993,2.089138556050585e-15
0.0029644843200578447,0.0029644843200578447,0.9999999999999994,4.9156266430528266e-15
0.0024664711195567846,0.0024664711195567846,0.9999999999999992,8.602318952873785e-16
0.003385869632432005,0.003385869632432005,0.9999999999999991,7.680659711652876e-16
0.00247779622630254,0.00247779622630254,0.9999999999999993,2.457807787032681e-15
0.0024586488577793305,0.0024586488577793305,0.9999999999999992,1.5975758917453025e-15
0.002226892145910554,0.002226892145910554,0.9999999999999997,8.602318952873785e-15
0.0037123174047606336,0.0037123174047606336,0.9999999999999993,2.33491712095636e-15
0.012985889360846433,0.012985889360846433,0.9999999999999992,9.831225613636991e-16
0.0022269350275272797,0.0022269350275272797,0.9999999999999992,2.7035891191853224e-15
0.00423176174283335,0.00423176174283335,0.9999999999999992,9.216786119489719e-16
0.0024336765329737056,0.0024336765329737056,0.9999999999999993,2.5806984531090016e-15
0.003902617533178158,0.003902617533178158,0.9999999999999993,2.2120292221269054e-15
0.011178439837564507,0.011178439837564507,0.9999999999999996,0.0
0.00936042585385494,0.00936042585385494,0.9999999999999993,2.9493593823504994e-15
0.0016618968463547493,0.0016618968463547493,0.9999999999999992,2.9493593823504994e-15
0.0021469441530941615,0.0021469441530941615,0.9999999999999992,3.68671998228962e-16
0.0031270270075186312,0.0031270270075186312,0.9999999999999993,1.720466557821623e-15
0.0014329637723237412,0.0014329637723237412,0.9999999999999992,1.720466557821623e-15
0.0025572759572469136,0.0025572759572469136,0.9999999999999994,4.9156266430528266e-15
0.0022472458783764425,0.0022472458783764425,0.9999999999999994,3.68671998228962e-15
0.0016677016716020326,0.0016677016716020326,0.9999999999999992,1.4746852256689816e-15
0.00311709184827302,0.00311709184827302,0.9999999999999991,1.1674599441016133e-15
0.008926997284278504,0.008926997284278504,0.9999999999999996,0.0
0.001772261640106759,0.001772261640106759,0.9999999999999993,2.089138556050585e-15
0.0028037917141983523,0.0028037917141983523,0.9999999999999997,5.89874643716966e-15
0.004107232684582138,0.004107232684582138,0.9999999999999992,1.290350610177934e-15
0.0028800788190669734,0.0028800788190669734,0.9999999999999992,1.4132412762542544e-15
0.0029503075768287546,0.0029503075768287546,0.9999999999999992,9.831225613636991e-16
0.0027818499265456747,0.0027818499265456747,0.9999999999999991,2.5806984531090016e-15
0.0019221363175053513,0.0019221363175053513,0.9999999999999994,5.89874643716966e-15
0.002724197674140941,0.002724197674140941,0.9999999999999993,2.9493593823504994e-15
0.0023121604914157204,0.0023121604914157204,0.9999999999999996,2.7035891191853224e-15
0.0026681659969775206,0.0026681659969775206,0.9999999999999992,1.5975758917453025e-15
0.005882539493623619,0.005882539493623619,0.9999999999999993,0.0
0.004219565125539459,0.004219565125539459,0.9999999999999992,2.642145169770595e-15
0.003754210528452788,0.003754210528452788,0.9999999999999994,2.9493593823504994e-15
0.0023112572054101695,0.0023112572054101695,0.9999999999999994,5.652959570523286e-15
0.005575728711759135,0.005575728711759135,0.9999999999999992,6.144533303816033e-16
0.004001108514911308,0.004001108514911308,0.9999999999999994,1.5975758917453025e-15
0.0014079153999312986,0.0014079153999312986,0.9999999999999993,3.440933115643246e-15
0.01739357367192462,0.01739357367192462,0.9999999999999993,2.8264936214959734e-15
0.0037026174754045986,0.0037026174754045986,0.9999999999999997,5.407172703876912e-15
0.011939671803734236,0.011939671803734236,0.9999999999999992,1.904801173312671e-15
0.0032369860227585588,0.0032369860227585588,0.9999999999999993,1.3517945595926612e-15
0.002965119892003492,0.002965119892003492,0.9999999999999994,0.0
0.001424458374096063,0.001424458374096063,0.9999999999999993,2.5806984531090016e-15
0.006138596042483582,0.006138596042483582,0.9999999999999993,5.161385837230539e-15
0.02713855572838123,0.02713855572838123,0.9999999999999994,3.68671998228962e-15
0.002563317322157004,0.002563317322157004,0.9999999999999992,1.8433572238979437e-15
0.0019235614315196306,0.0019235614315196306,0.9999999999999993,2.089138556050585e-15
0.002760102622275634,0.002760102622275634,0.9999999999999991,7.680659711652876e-16
1.0,1.0,0.9999999999999991,5.652959570523286e-15
0.003644294412771686,0.003644294412771686,0.9999999999999993,4.055372609790519e-15
0.0019274780571761911,0.0019274780571761911,0.9999999999999992,0.0
0.01008637958940974,0.01008637958940974,0.9999999999999992,8.602318952873785e-16
0.011713844533961683,0.011713844533961683,0.9999999999999993,1.9662478899742645e-15
0.009540708827634201,0.009540708827634201,0.9999999999999993,1.5975758917453025e-15
0.009540708827634201,0.009540708827634201,0.9999999999999993,1.5975758917453025e-15
0.009684995043557935,0.009684995043557935,0.9999999999999993,3.932506848935993e-15
0.003018028576377566,0.003018028576377566,0.9999999999999992,1.1060132274400198e-15
0.0037787531130730515,0.0037787531130730515,0.9999999999999993,4.301159476436893e-15
0.0021879169637287676,0.0021879169637287676,0.9999999999999994,0.0
0.008028768070952475,0.008028768070952475,0.9999999999999991,2.9493593823504994e-15
0.015108010395630658,0.015108010395630658,0.9999999999999992,2.8264936214959734e-15
0.0035791688275607454,0.0035791688275607454,0.9999999999999993,3.1951462489968728e-15
0.004560970705524009,0.004560970705524009,0.9999999999999993,0.0
0.0017792689538033274,0.0017792689538033274,0.9999999999999993,3.68671998228962e-15
0.0025764950313689706,0.0025764950313689706,0.9999999999999992,1.6590198411600297e-15
0.0016865335193424233,0.0016865335193424233,0.9999999999999994,2.2120292221269054e-15
0.015466310596979225,0.015466310596979225,0.9999999999999993,2.2120292221269054e-15
0.0031579626491034856,0.0031579626491034856,0.9999999999999994,1.720466557821623e-15
0.002355263244512581,0.002355263244512581,0.9999999999999994,1.8433572238979437e-15
0.0029583502572930196,0.0029583502572930196,0.9999999999999994,3.440933115643246e-15
0.01652855594779516,0.01652855594779516,0.9999999999999992,2.33491712095636e-15
0.004396925412123152,0.004396925412123152,0.9999999999999991,1.290350610177934e-15
0.0021023340663141312,0.0021023340663141312,0.9999999999999993,3.440933115643246e-15
0.0014884034858132515,0.0014884034858132515,0.9999999999999991,4.669839776406453e-15
0.012512218475256057,0.012512218475256057,0.9999999999999991,2.027691839388992e-15
0.00317955940122041,0.00317955940122041,0.9999999999999992,8.602318952873785e-16
0.0031689278732265256,0.0031689278732265256,0.9999999999999994,5.161385837230539e-15
0.002181391987480922,0.002181391987480922,0.9999999999999993,4.424052909760079e-15
0.012181921988115766,0.012181921988115766,0.9999999999999992,1.8433572238979437e-15
0.002226892145910554,0.002226892145910554,0.9999999999999997,8.602318952873785e-15
0.0037123174047606336,0.0037123174047606336,0.9999999999999993,2.33491712095636e-15
0.012985889360846433,0.012985889360846433,0.9999999999999992,9.831225613636991e-16
0.0022269350275272797,0.0022269350275272797,0.9999999999999992,2.7035891191853224e-15
0.00423176174283335,0.00423176174283335,0.9999999999999992,9.216786119489719e-16
0.0024336765329737056,0.0024336765329737056,0.9999999999999993,2.5806984531090016e-15
0.003902617533178158,0.003902617533178158,0.9999999999999993,2.2120292221269054e-15
0.011178439837564507,0.011178439837564507,0.9999999999999996,0.0
0.00936042585385494,0.00936042585385494,0.9999999999999993,2.9493593823504994e-15
0.0016618968463547493,0.0016618968463547493,0.9999999999999992,2.9493593823504994e-15
0.0021469441530941615,0.0021469441530941615,0.9999999999999992,3.68671998228962e-16
0.0031270270075186312,0.0031270270075186312,0.9999999999999993,1.720466557821623e-15
0.0014329637723237412,0.0014329637723237412,0.9999999999999992,1.720466557821623e-15
0.0025572759572469136,0.0025572759572469136,0.9999999999999994,4.9156266430528266e-15
0.0022472458783764425,0.0022472458783764425,0.9999999999999994,3.68671998228962e-15
0.0016677016716020326,0.0016677016716020326,0.9999999999999992,1.4746852256689816e-15
0.00311709184827302,0.00311709184827302,0.9999999999999991,1.1674599441016133e-15
0.008926997284278504,0.008926997284278504,0.9999999999999996,0.0
0.001772261640106759,0.001772261640106759,0.9999999999999993,2.089138556050585e-15
0.0028037917141983523,0.0028037917141983523,0.9999999999999997,5.89874643716966e-15
0.004107232684582138,0.004107232684582138,0.9999999999999992,1.290350610177934e-15
0.0028800788190669734,0.0028800788190669734,0.9999999999999992,1.4132412762542544e-15
0.0029503075768287546,0.0029503075768287546,0.9999999999999992,9.831225613636991e-16
0.0027818499265456747,0.0027818499265456747,0.9999999999999991,2.5806984531090016e-15
0.0019221363175053513,0.0019221363175053513,0.9999999999999994,5.89874643716966e-15
0.002724197674140941,0.002724197674140941,0.9999999999999993,2.9493593823504994e-15
0.0023121604914157204,0.0023121604914157204,0.9999999999999996,2.7035891191853224e-15
0.0026681659969775206,0.0026681659969775206,0.9999999999999992,1.5975758917453025e-15
0.005882539493623619,0.005882539493623619,0.9999999999999993,0.0
0.004219565125539459,0.004219565125539459,0.9999999999999992,2.642145169770595e-15
0.003754210528452788,0.003754210528452788,0.9999999999999994,2.9493593823504994e-15
0.0023112572054101695,0.0023112572054101695,0.9999999999999994,5.652959570523286e-15
0.005575728711759135,0.005575728711759135,0.9999999999999992,6.144533303816033e-16
0.004001108514911308,0.004001108514911308,0.9999999999999994,1.5975758917453025e-15
0.0014079153999312986,0.0014079153999312986,0.9999999999999993,3.440933115643246e-15
0.01739357367192462,0.01739357367192462,0.9999999999999993,2.8264936214959734e-15
0.0037026174754045986,0.0037026174754045986,0.9999999999999997,5.407172703876912e-15
0.011939671803734236,0.011939671803734236,0.9999999999999992,1.904801173312671e-15
0.0032369860227585588,0.0032369860227585588,0.9999999999999993,1.3517945595926612e-15
0.002965119892003492,0.002965119892003492,0.9999999999999994,0.0
0.001424458374096063,0.001424458374096063,0.9999999999999993,2.5806984531090016e-15
0.006138596042483582,0.006138596042483582,0.9999999999999993,5.161385837230539e-15
0.02713855572838123,0.02713855572838123,0.9999999999999994,3.68671998228962e-15
0.002563317322157004,0.002563317322157004,0.9999999999999992,1.8433572238979437e-15
0.0019235614315196306,0.0019235614315196306,0.9999999999999993,2.089138556050585e-15
0.002760102622275634,0.002760102622275634,0.9999999999999991,7.680659711652876e-16
1.0,1.0,0.9999999999999991,5.652959570523286e-15
0.003644294412771686,0.003644294412771686,0.9999999999999993,4.055372609790519e-15
0.0019274780571761911,0.0019274780571761911,0.9999999999999992,0.0
0.01008637958940974,0.01008637958940974,0.9999999999999992,8.602318952873785e-16
0.011713844533961683,0.011713844533961683,0.9999999999999993,1.9662478899742645e-15
0.009540708827634201,0.009540708827634201,0.9999999999999993,1.5975758917453025e-15
0.009540708827634201,0.009540708827634201,0.9999999999999993,1.5975758917453025e-15
0.00010110372813870285,0.00010110372813870285,0.9999999999999991,0.0
0.0008223761098912946,0.0008223761098912946,0.9999999999999991,0.0
1.857007251527195e-05,1.857007251527195e-05,0.9999999999999991,0.0
0.0005406851548287152,0.0005406851548287152,0.9999999999999991,0.0
0.00016120975995141885,0.00016120975995141885,0.9999999999999991,0.0
0.0007775208622698647,0.0007775208622698647,0.9999999999999991,0.0
6.073400527941599e-05,6.073400527941599e-05,0.9999999999999991,0.0
8.701918038557385e-06,8.701918038557385e-06,0.9999999999999991,0.0
0.00029398129291085114,0.00029398129291085114,0.9999999999999991,0.0
0.0001459589757601327,0.0001459589757601327,0.9999999999999991,0.0
5.382629714571581e-06,5.382629714571581e-06,0.9999999999999991,0.0
0.00017556343919027638,0.00017556343919027638,0.9999999999999991,0.0
7.419057956584495e-05,7.419057956584495e-05,0.9999999999999991,0.0
4.9968745850272826e-05,4.9968745850272826e-05,0.9999999999999991,0.0
6.432242508913038e-05,6.432242508913038e-05,0.9999999999999991,0.0
0.0,0.0,0.9999999999999991,0.0
9.895067625287421e-05,9.895067625287421e-05,0.9999999999999991,0.0
0.00086364293770301,0.00086364293770301,0.9999999999999991,0.0
5.7145585469701605e-05,5.7145585469701605e-05,0.9999999999999991,0.0
1.345657428642892e-06,1.345657428642892e-06,0.9999999999999991,0.0
0.0003334539108177094,0.0003334539108177094,0.9999999999999991,0.0
0.00014775318566498987,0.00014775318566498987,0.9999999999999991,0.0
0.0006447493293104326,0.0006447493293104326,0.9999999999999991,0.0
0.00035588153462842427,0.00035588153462842427,0.9999999999999991,0.0
0.00012353135194941776,0.00012353135194941776,0.9999999999999991,0.0
0.0005873346123550023,0.0005873346123550023,0.9999999999999991,0.0
4.727743099298704e-05,4.727743099298704e-05,0.9999999999999991,0.0
0.0006734566877881476,0.0006734566877881476,0.9999999999999991,0.0
4.548322108812986e-05,4.548322108812986e-05,0.9999999999999991,0.0
0.00013070819156884656,0.00013070819156884656,0.9999999999999991,0.0
0.0002410521007175639,0.0002410521007175639,0.9999999999999991,0.0
0.00012442845690184638,0.00012442845690184638,0.9999999999999991,0.0
8.047031423284513e-05,8.047031423284513e-05,0.9999999999999991,0.0
0.0004303412456799978,0.0004303412456799978,0.9999999999999991,0.0
4.099769632598687e-05,4.099769632598687e-05,0.9999999999999991,0.0
1.946717746770055e-05,1.946717746770055e-05,0.9999999999999991,0.0
3.830638146870108e-05,3.830638146870108e-05,0.9999999999999991,0.0
0.00039804546739256836,0.00039804546739256836,0.9999999999999991,0.0
0.00012622266680670355,0.00012622266680670355,0.9999999999999991,0.0
0.00041060493672656867,0.00041060493672656867,0.9999999999999991,0.0
0.00011097188261541742,0.00011097188261541742,0.9999999999999991,0.0
2.3055597277414934e-05,2.3055597277414934e-05,0.9999999999999991,0.0
0.0001136631974727032,0.0001136631974727032,0.9999999999999991,0.0
0.0004680196536819989,0.0004680196536819989,0.9999999999999991,0.0
0.00017726793859989073,0.00017726793859989073,0.9999999999999991,0.0
0.00013160529652127512,0.00013160529652127512,0.9999999999999991,0.0
6.0106031812715944e-06,6.0106031812715944e-06,0.9999999999999991,0.0
0.00021952158185927764,0.00021952158185927764,0.9999999999999991,0.0
0.0005622156736870016,0.0005622156736870016,0.9999999999999991,0.0
0.0007622700780785787,0.0007622700780785787,0.9999999999999991,0.0
0.0005236401607325719,0.0005236401607325719,0.9999999999999991,0.0
0.0006644856382638616,0.0006644856382638616,0.9999999999999991,0.0
0.0006232188104521462,0.0006232188104521462,0.9999999999999991,0.0
8.226452413770233e-05,8.226452413770233e-05,0.9999999999999991,0.0
9.616965090034557e-05,9.616965090034557e-05,0.9999999999999991,0.0
0.0006716624778832903,0.0006716624778832903,0.9999999999999991,0.0
0.0008250674247485805,0.0008250674247485805,0.9999999999999991,0.0
0.00019440264319127692,0.00019440264319127692,0.9999999999999991,0.0
0.0006402638045482895,0.0006402638045482895,0.9999999999999991,0.0
0.0008735110921797247,0.0008735110921797247,0.9999999999999991,0.0
0.0009757810567565848,0.0009757810567565848,0.9999999999999991,0.0
0.00015582713023684728,0.00015582713023684728,0.9999999999999991,0.0
0.0006196303906424317,0.0006196303906424317,0.9999999999999991,0.0
0.0006465435392152897,0.0006465435392152897,0.9999999999999991,0.0
0.00018812290852427674,0.00018812290852427674,0.9999999999999991,0.0
0.00042854703577514065,0.00042854703577514065,0.9999999999999991,0.0
0.0002823189285292794,0.0002823189285292794,0.9999999999999991,0.0
9.123557366198828e-05,9.123557366198828e-05,0.9999999999999991,0.0
9.123557366198828e-05,9.123557366198828e-05,0.9999999999999991,0.0
6.791084489884477e-05,6.791084489884477e-05,0.9999999999999991,0.0
0.00044918044968099836,0.00044918044968099836,0.9999999999999991,0.0
9.814328179568848e-05,9.814328179568848e-05,0.9999999999999991,0.0
0.0002240071066214206,0.0002240071066214206,0.9999999999999991,0.0
0.00040073678224985415,0.00040073678224985415,0.9999999999999991,0.0
6.405329360340181e-05,6.405329360340181e-05,0.9999999999999991,0.0
0.00011276609252027462,0.00011276609252027462,0.9999999999999991,0.0
0.0003002610275778513,0.0003002610275778513,0.9999999999999991,0.0
0.000450077554633427,0.000450077554633427,0.9999999999999991,0.0
0.00016748949461841903,0.00016748949461841903,0.9999999999999991,0.0
3.7409276516272486e-05,3.7409276516272486e-05,0.9999999999999991,0.0
0.0005209488458752861,0.0005209488458752861,0.9999999999999991,0.0
0.00028770155824385096,0.00028770155824385096,0.9999999999999991,0.0
0.00012801687671156072,0.00012801687671156072,0.9999999999999991,0.0
1.8390651524786234e-05,1.8390651524786234e-05,0.9999999999999991,0.0
0.0004734022833965704,0.0004734022833965704,0.9999999999999991,0.0
1.2200627353028913e-05,1.2200627353028913e-05,0.9999999999999991,0.0
0.00035229311481870993,0.00035229311481870993,0.9999999999999991,0.0
7.598478947070213e-05,7.598478947070213e-05,0.9999999999999991,0.0
0.00012981108661641794,0.00012981108661641794,0.9999999999999991,0.0
0.00018632869861941957,0.00018632869861941957,0.9999999999999991,0.0
3.20266468017009e-05,3.20266468017009e-05,0.9999999999999991,0.0
7.149926470855916e-05,7.149926470855916e-05,0.9999999999999991,0.0
0.0005003154319694284,0.0005003154319694284,0.9999999999999991,0.0
1.2559469334000333e-06,1.2559469334000333e-06,0.9999999999999991,0.0
8.854425880470249e-05,8.854425880470249e-05,0.9999999999999991,0.0
0.00031461470681670885,0.00031461470681670885,0.9999999999999991,0.0
0.0003011581325302799,0.0003011581325302799,0.9999999999999991,0.0
0.0002491260452894213,0.0002491260452894213,0.9999999999999991,0.0
0.0001549300252844186,0.0001549300252844186,0.9999999999999991,0.0
0.00015941555004656162,0.00015941555004656162,0.9999999999999991,0.0
0.00991004927799298,0.0007165177255047202,0.9852699999399257,0.0
0.005756453348248576,0.0008564660980835814,0.9905099031015893,0.0
0.017686155005644057,0.000904012660562297,0.97484726335582,0.0
0.016292951014522446,0.0004393122952042838,0.9769543382012811,0.0
0.015671257282489425,0.000450077554633427,0.9780078756240117,0.0
0.008373757046959007,0.00017556343919027638,0.9879118783153005,0.0
0.00813916410189893,0.0008062282207475799,0.9873395289043202,0.0
0.003500234392890656,0.0006250130203570033,0.9943365792999036,0.0
0.013850403360545105,0.00022221289671656342,0.980387083015444,0.0
0.014139002023741385,0.0006259101253094319,0.9797087040363315,0.0
0.01647416621491302,0.000994620260757585,0.9762289517790732,0.0
0.01156206804789024,0.00020965342738256306,0.9834422664496005,0.0
0.0434994529068245,0.0007183119354095775,0.9395185416579052,0.0
0.12304933745847788,0.0010941989104771594,0.8258501889308728,0.0
0.006671500399725745,0.0008421124188447238,0.9893835266695894,0.0
0.007763546258317076,0.0003352481207225666,0.9887482503619414,0.0
0.006322526573231021,0.0006653827432162902,0.9901209277737386,0.0
0.005751967823486433,0.0003540873247235671,0.9913314069793279,0.0
0.009708200663696546,0.0005451706795908583,0.985845202837867,0.0
0.0036943679045962044,0.00019601743210564834,0.9945112427386257,0.0
0.036791978598506365,0.0014404814221145978,0.9485621429386702,0.0
0.005284576143271134,0.0002643768294807074,0.9921318851636691,0.0
0.035964399279890986,0.0006330869649288607,0.9498311937187235,0.0
0.004236757558834533,0.0004904472774927138,0.9931876753392637,0.0
0.028432575230786215,0.0014754685152593128,0.9596727200639172,0.0
0.03711906306416183,0.0011991601899113051,0.948341222974474,0.0
0.003545089640512086,0.00039086862777313957,0.9943095462655356,0.0
0.0033351670816437937,0.0002715536691001362,0.9948306830947409,0.0
0.003956860813676811,0.0005559359390200014,0.9935315956098343,0.0
0.0038698416332912378,0.0004123991466314259,0.9940677507914663,0.0
0.004740930542099404,0.00086364293770301,0.9919186245592104,0.0
0.003999921851393384,0.0008187876900815803,0.994028703075157,0.0
0.004276230176741392,0.0006824277373124335,0.992816722034325,0.0
0.021994052987206174,0.0007820063870320078,0.9690922307059218,0.0
0.012363631322885192,0.00020974313787780588,0.9824941578609051,0.0
0.004327544580020307,0.00012981108661641794,0.9936295152676562,0.0
0.003449099410602226,0.0003585728494857101,0.9945017811765969,0.0
0.00981495615303555,0.0003325568058652808,0.985876741377963,0.0
0.019232763943630955,0.0011650702017190185,0.9722761214203748,0.0
0.00538325768803828,0.00041688467139356885,0.9917459135063038,0.0
0.01277899091585963,0.0010287102489498717,0.9810288172146354,0.0
0.022678544065909197,0.0010565205024751583,0.9680439497065405,0.0
0.00365094802489866,0.0004608428140625701,0.9943020370893223,0.0
0.016747783225403743,0.0005774664578782877,0.9762394646257718,0.0
0.006887702693261037,0.00040522230701199715,0.9898686194529707,0.0
0.0031279358376327883,0.0006492348540725755,0.9944251875792209,0.0
0.02361512163624465,0.0003128204969118517,0.9665771072250281,0.0
0.01469072156948497,0.0007784179672222935,0.9786994707532596,0.0
0.0035217649117489425,0.00033883654053228096,0.9944717444717436,0.0
0.014441649350492696,0.0002482289403369927,0.9794756192066697,0.0
0.0101459878804817,0.0006366753847385752,0.9851363366033284,0.0
0.006025584833977155,0.0006922958917891482,0.990502393925376,0.0
0.004356969622459965,0.00039983967729742553,0.9932417414079997,0.0
0.00600943694483344,0.0005128749013034288,0.9908478160311892,0.0
0.006698054706317631,0.00010711433131997446,0.9902711112980053,0.0
0.027843177277040627,0.0014790569350690273,0.9604401578729198,0.0
0.25351889910997844,0.001030504458854729,0.5926196812504876,0.0
0.004460046981494011,0.0001692837045232762,0.9933991337414312,0.0
0.02281005965193523,0.000561318568734573,0.9680544625532392,0.0
0.005324945866130421,0.0003280712811031378,0.9920297603671678,0.0
0.00752464720948534,0.0008125079554145801,0.9882301172032215,0.0
0.003910211356150524,0.00023925789081270674,0.9941518535650556,0.0
0.006651764090772315,0.000574775143021002,0.9897649928212267,0.0
0.007609603048480329,0.00025361157005156427,0.9890343499756694,0.0
0.603033679891017,0.0015050729786894566,0.0,0.0
0.003502028602795513,0.0007299742997911491,0.9938920360680743,0.0
0.01432649695879896,0.00025630288490885005,0.9795555168415795,0.0
0.0035109996523197988,0.00047699070320628487,0.9942479710205863,0.0
0.02450540859103479,0.000227595526431135,0.9643297609679019,0.0
0.0060829995509325855,0.0005846432974977166,0.9904828700672212,0.0
0.004048544939815014,0.0002249042115738492,0.9939406955299367,0.0
0.006838361920877464,0.0004375180852994266,0.9898205607252053,0.0
0.014777202486899088,0.00019565859012467696,0.9790570577245385,0.0
0.014908538651934634,0.0001692837045232762,0.9783776274607562,0.0
0.003874327158053381,0.000141922003474204,0.9943278686554962,0.0
0.006845538760496893,0.000668074058073576,0.989484149630848,0.0
0.009655271471503258,0.0008376268940825807,0.9852895237980803,0.0
0.009516220203876824,0.0005254343706374291,0.9859503313048537,0.0
0.03753101365831705,0.00039266283767799674,0.9461446387485499,0.0
0.003636594345659803,0.0006689711630260046,0.9941893994461223,0.0
0.014956264635403836,0.0002270572634596778,0.9789652955912116,0.0
0.2203654884880272,0.0014808511449738845,0.6807098274090932,0.0
0.005563127231000214,0.00017197501938056198,0.991860954085892,0.0
0.00751836747481834,0.0008062282207475799,0.9883637805398188,0.0
0.004634175052760401,0.00032089444148370903,0.9929458798651943,0.0
0.02083678759857329,0.000581054877688002,0.970658644864023,0.0
0.004346204363030822,0.0004437978199664268,0.9930434991559677,0.0
0.004440400383035825,0.0006806335274075763,0.9928362458924798,0.0
0.008028820192750212,0.00046353412891985595,0.9881520217706028,0.0
0.007085962887747756,0.00038817731291585373,0.9894541129259947,0.0
0.004923939952394838,0.0007954629613184368,0.9918210052684372,0.0
0.006463372050762311,0.0006761480026454334,0.9898025387022933,0.0
0.0036141667218490877,0.0006088651312132886,0.9937388488733223,0.0
0.005774395447297148,0.0006196303906424317,0.9908973765941972,0.0
0.007781219225879919,0.0002213157917641348,0.9887302283390295,0.0
0.01957725224536354,0.0008026398009378655,0.9721950223172708,0.0
0.01578644555838126,0.00018632869861941957,0.9772725620708497,0.0
0.0037137453715686618,0.0002688623542428504,0.9942479710205863,0.0
0.003840237169861094,0.00020696211252527728,0.994204417798549,0.0
0.0032625015804970776,0.0005110806913985716,0.9937328415323516,0.11547721172205772
0.0013112983089648797,0.0004725051784441419,0.9983855271141325,0.02974790381049893
0.0012296617582938775,0.0005397880498762867,0.9985612418375246,0.02653789744583114
0.001555310856025458,0.0001459589757601327,0.9975940599412473,0.04433129479480864
0.0013588448714435953,0.0004025309921547113,0.9981302151228792,0.034452223482856904
0.0010278131439974433,0.00038638310301099656,0.9988345758516899,0.02147383568088109
0.0016656547651741752,0.0009820607914235847,0.9985447216498552,0.026786949663779504
0.0021608566989147608,0.00034601338015170975,0.9962529210695461,0.06904280930901845
0.0010116652548537283,0.0002957755028157083,0.9981106912647246,0.03481196557544898
0.001081639441143159,0.00016390107480870463,0.9982053068850126,0.03306860004981044
0.0011964688750540195,0.00035229311481870993,0.9975565140601806,0.04502310651133187
0.00966513962597997,0.0010000028904721568,0.9826973561692379,0.31884218391122665
0.0006178361807375746,0.00027424498395742204,0.9987189345380045,0.02360461576777264
0.0017580565752743208,0.00032896838605556643,0.997604572787946,0.04416525998284306
0.0006205274955948603,0.0001136631974727032,0.9987835134534392,0.022414699615352685
0.0017428057910830348,0.0007111350957901486,0.9979830352690979,0.03716412541162797
0.000534405420161715,0.00019440264319127692,0.9988706198975139,0.02080969643301879
0.000621424600547289,0.0002015794828107057,0.9986543556225699,0.02476685945153167
0.0006573985091396757,7.320376411817349e-05,0.9989335467941816,0.019650219996125855
0.0007389453493154352,0.00023118394624084933,0.9988796309089699,0.020671334089714142
0.0006160419708327174,0.0001692837045232762,0.9988090446525646,0.021944267648116886
0.0022738919229207642,0.0005092864814937144,0.9954494392147195,0.08387525251127652
0.011828059666285319,0.0008223761098912946,0.9797687774460382,0.37277582533137776
0.0006043796064511456,0.00013609082128341812,0.9990403272799352,0.017655035005672854
0.0009748839518041562,0.00028590734833899373,0.9979845371043407,0.037136452942967045
0.009051519838518811,0.0004393122952042838,0.9859248001057284,0.25937404875888975
0.004875496284963694,0.0004536659744431413,0.9927746706475304,0.13313224672773058
0.0006985756264561482,0.00023477236605056373,0.9985972858833486,0.025846085729307907
0.0016871852840324617,0.0007111350957901486,0.9980656362074446,0.03564213963527686
0.0005649069885442873,0.00025540577995642144,0.9987564804190712,0.02291280405124941
0.000881585036751582,0.00031102628700699445,0.9987865171239245,0.022359354678030824
0.00237885320235491,0.00015403292033199005,0.9964631780035195,0.06516866369648835
0.0008950416110380109,0.0003262770711982806,0.9986949051741218,0.024075047735008435
0.0015077642935467424,0.0005254343706374291,0.9982473582718072,0.03229377092730442
0.001141745472955875,0.000389971522820711,0.998379519773162,0.02983092121648172
0.014016995750211095,0.00038817731291585373,0.9775971236851424,0.41279021501508145
0.0028453477776177803,0.0002930841879584225,0.9947465803211516,0.09677062290726955
0.0011381570531461605,0.0002015794828107057,0.9982473582718072,0.03229377092730442
0.0009470736982788696,0.0004599457091101415,0.9988405831926606,0.0213908182748983
0.0026426020583689173,0.0007622700780785787,0.9965232514132261,0.06403409248139026
0.0009210576546584403,0.0004195759862508547,0.9989051621080952,0.020173229653817418
0.0017742044644180356,0.00042316440606056903,0.9967244973357434,0.060353654149486666
0.00085736320303601,0.0003235857563409948,0.9981677610039459,0.03373273929767274
0.0024093547707374824,0.0005514504142578585,0.9952091455758929,0.08827517502836428
0.003479600978984798,0.0006896045769318623,0.994614418819797,0.09926114508675318
0.001328343303061023,0.0007362540344581494,0.9988360776869325,0.02147383568088109
0.0011892920354345906,0.00017466633423784776,0.9978058187104633,0.04042947671361762
0.002979016415529641,0.0006330869649288607,0.9942299489976743,0.10631762459529014
0.001161481781909304,0.0003890744178682824,0.997500946156202,0.04604698785178625
0.0015696645352643156,0.0005218459508277148,0.9980626325369593,0.03569748457259872
0.0032947973587845072,0.0007425337691251495,0.993420459801877,0.12126075767219192
0.0039281534551990965,0.0006447493293104326,0.9924712999285118,0.13869441292857734
0.001026018934092586,0.000519154635970429,0.9989186786252792,0.01992417743586905
0.0004384151902518552,0.00010289793804356005,0.9990658584790605,0.01718460303843706
0.0005514504142578585,0.00021683026700199186,0.9987790079477112,0.0225253894899964
0.0011489223125753039,0.0005855404024501451,0.9989066639433378,0.02014555718515649
0.0007030611512182912,0.00031102628700699445,0.9984456005238392,0.02864100506406176
0.0015068671885943138,0.0009695013220895845,0.9988510960393592,0.021141766056949937
0.000630395650071575,0.0002500231502418499,0.9986243189177165,0.025347981293411183
0.0029000711797159246,0.0004150904614887117,0.9949883757952209,0.09231535545285995
0.0011836402742342904,0.00012694035076864642,0.9977747307209401,0.04100229681489885
0.0007793150721747221,0.00018632869861941957,0.9989697410235299,0.018983313501397456
0.000534405420161715,0.00012353135194941776,0.9989727446940152,0.0189279685640756
0.0018989020528056106,0.0005505533093054298,0.9976691517033807,0.042975343830423104
0.002389618461784053,0.000561318568734573,0.9952857391732689,0.08686387912665688
0.0010322986687595862,0.00030384944738756566,0.9984816445696633,0.02797686581619946
0.0016468155611731748,0.00045725439425285577,0.9966298817154554,0.06209701967512521
0.0026183802246533454,0.0005388909449238581,0.9948291812594983,0.09527630959957938
0.0011453338927655892,0.0006160419708327174,0.9989306933072205,0.01970279768658162
0.0024972710560754847,0.00042226730110814047,0.9960651916642128,0.07250186789163461
0.0008833792466564392,0.000176460544142705,0.9982503619422926,0.03223842598998256
0.0005326112102568579,0.00021683026700199186,0.9989171767900366,0.019979522373190912
0.0023322037448286234,0.0001961968530961341,0.9958579384007248,0.07632066856684284
0.0024353708143579115,0.0005559359390200014,0.9962499173990608,0.06909815424634032
0.00047519649330142764,0.00012981108661641794,0.9989832575407138,0.018761933752110025
0.0018226481318491799,0.00016120975995141885,0.997023362549034,0.05484683288596175
0.0013633303962057384,0.000278730508719565,0.997406330535914,0.047790353377424794
0.0008501863634165811,0.0002760391938622792,0.9982338417546233,0.03251515067659185
0.000581054877688002,0.00016390107480870463,0.9987654914305272,0.022719096770622907
0.000808022430652437,0.00019529974814370548,0.998343475727338,0.030522732933004948
0.0009510209600695553,0.00011743103827290331,0.9985998390032611,0.025801809779450423
0.003270575525068935,0.0007577845533164357,0.993492547893525,0.11987713423914546
0.015769938827256573,0.0006689711630260046,0.9731111418152975,0.4954478789052771
0.0007855948068417222,0.00019081422338156252,0.9988571033803298,0.02105874865096715
0.0030920516395356447,0.00038728020796342517,0.9950694748983249,0.09084871461383069
0.0008187876900815803,0.00013967924109313252,0.9985822675309219,0.0261228104159172
0.001050240767808158,0.0003092320771021373,0.9978133278866766,0.04029111437031298
0.0009219547596108689,0.0003594699544381387,0.9989742465292578,0.01890029609541467
0.0016988476484140335,0.0007739324424601504,0.9980851600655993,0.03528239754268478
0.0008613104648266957,0.0001290036921592322,0.9983310104948238,0.030757948916622847
0.03375779022840237,0.0009129837100865829,0.9457281798357584,1.0
0.0005640098835918587,0.0003119233919594231,0.9988195574992632,0.021778232836151313
0.0023187471705421944,0.00045635728930042716,0.9968416404846714,0.05819520159393419
0.0004949328022548568,0.00017556343919027638,0.9989126712843085,0.0200625397791737
0.003072315330582215,0.00025719998986127867,0.9953983768164688,0.0847884439770872
0.0016055487333614595,0.00076137297312615,0.9982038050497699,0.03309627251847137
0.0006007911866414313,9.661820337655986e-05,0.9989336969777058,0.019619780280598832
0.0009910318409478707,0.0001899171184291339,0.9981932922030713,0.033289979799097875
0.001566793799416544,0.00012164743154931771,0.9972872350011706,0.049984780142236486
0.0032947973587845072,0.0007425337691251495,0.993420459801877,0.12126075767219192
0.0039281534551990965,0.0006447493293104326,0.9924712999285118,0.13869441292857734
0.001026018934092586,0.000519154635970429,0.9989186786252792,0.01992417743586905
0.0004384151902518552,0.00010289793804356005,0.9990658584790605,0.01718460303843706
0.0005514504142578585,0.00021683026700199186,0.9987790079477112,0.0225253894899964
0.0011489223125753039,0.0005855404024501451,0.9989066639433378,0.02014555718515649
0.0007030611512182912,0.00031102628700699445,0.9984456005238392,0.02864100506406176
0.0015068671885943138,0.0009695013220895845,0.9988510960393592,0.021141766056949937
0.000630395650071575,0.0002500231502418499,0.9986243189177165,0.025347981293411183
0.0029000711797159246,0.0004150904614887117,0.9949883757952209,0.09231535545285995
0.0011836402742342904,0.00012694035076864642,0.9977747307209401,0.04100229681489885
0.0007793150721747221,0.00018632869861941957,0.9989697410235299,0.018983313501397456
0.000534405420161715,0.00012353135194941776,0.9989727446940152,0.0189279685640756
0.0018989020528056106,0.0005505533093054298,0.9976691517033807,0.042975343830423104
0.002389618461784053,0.000561318568734573,0.9952857391732689,0.08686387912665688
0.0010322986687595862,0.00030384944738756566,0.9984816445696633,0.02797686581619946
0.0016468155611731748,0.00045725439425285577,0.9966298817154554,0.06209701967512521
0.0026183802246533454,0.0005388909449238581,0.9948291812594983,0.09527630959957938
0.0011453338927655892,0.0006160419708327174,0.9989306933072205,0.01970279768658162
0.0024972710560754847,0.00042226730110814047,0.9960651916642128,0.07250186789163461
0.0008833792466564392,0.000176460544142705,0.9982503619422926,0.03223842598998256
0.0005326112102568579,0.00021683026700199186,0.9989171767900366,0.019979522373190912
0.0023322037448286234,0.0001961968530961341,0.9958579384007248,0.07632066856684284
0.0024353708143579115,0.0005559359390200014,0.9962499173990608,0.06909815424634032
0.00047519649330142764,0.00012981108661641794,0.9989832575407138,0.018761933752110025
0.0018226481318491799,0.00016120975995141885,0.997023362549034,0.05484683288596175
0.0013633303962057384,0.000278730508719565,0.997406330535914,0.047790353377424794
0.0008501863634165811,0.0002760391938622792,0.9982338417546233,0.03251515067659185
0.000581054877688002,0.00016390107480870463,0.9987654914305272,0.022719096770622907
0.000808022430652437,0.00019529974814370548,0.998343475727338,0.030522732933004948
0.0009510209600695553,0.00011743103827290331,0.9985998390032611,0.025801809779450423
0.003270575525068935,0.0007577845533164357,0.993492547893525,0.11987713423914546
0.015769938827256573,0.0006689711630260046,0.9731111418152975,0.4954478789052771
0.0007855948068417222,0.00019081422338156252,0.9988571033803298,0.02105874865096715
0.0030920516395356447,0.00038728020796342517,0.9950694748983249,0.09084871461383069
0.0008187876900815803,0.00013967924109313252,0.9985822675309219,0.0261228104159172
0.001050240767808158,0.0003092320771021373,0.9978133278866766,0.04029111437031298
0.0009219547596108689,0.0003594699544381387,0.9989742465292578,0.01890029609541467
0.0016988476484140335,0.0007739324424601504,0.9980851600655993,0.03528239754268478
0.0008613104648266957,0.0001290036921592322,0.9983310104948238,0.030757948916622847
0.03375779022840237,0.0009129837100865829,0.9457281798357584,1.0
0.0005640098835918587,0.0003119233919594231,0.9988195574992632,0.021778232836151313
0.0023187471705421944,0.00045635728930042716,0.9968416404846714,0.05819520159393419
0.0004949328022548568,0.00017556343919027638,0.9989126712843085,0.0200625397791737
0.003072315330582215,0.00025719998986127867,0.9953983768164688,0.0847884439770872
0.0016055487333614595,0.00076137297312615,0.9982038050497699,0.03309627251847137
0.0006007911866414313,9.661820337655986e-05,0.9989336969777058,0.019619780280598832
0.0009910318409478707,0.0001899171184291339,0.9981932922030713,0.033289979799097875
0.001566793799416544,0.00012164743154931771,0.9972872350011706,0.049984780142236486
0.002009245961954328,0.00021503605709713463,0.997041384571946,0.05448709079336967
0.0005283948169804435,6.602692449874471e-05,0.9990607522392354,0.017306361900545145
0.0008896589813234394,0.00029218708300599396,0.9980851600655993,0.03528239754268478
0.0016970534385091763,0.0004258557209178548,0.9972861837165007,0.050004150870299136
0.00207204330862433,0.0007739324424601504,0.9974588947694073,0.04682181697429227
0.00439195671560468,0.0003020552374827085,0.9930900560484903,0.12732102830893544
0.001306812784202737,0.0008107137455097229,0.9988736235679992,0.02075435149569693
0.0014582441001726838,0.0001397689515883754,0.9973222277623247,0.04934001162243683
0.01665896983511331,0.0009623244824701558,0.9714606248836068,0.5258599219636384
0.0010331957737120148,0.00026617103938556463,0.9986828904921805,0.024268755015634944
0.0010583147123800155,0.0003119233919594231,0.997856881108714,0.039488612779146025
0.000788286121699008,0.0001728721243329906,0.9987189345380045,0.02360461576777264
0.003155746091158075,0.0005649069885442873,0.9952346767750182,0.08780474306112848
0.0010968902253344452,0.0004868588576829994,0.9986798868216952,0.024324099952956802
0.0014969990341175993,0.0008690255674175816,0.9986243189177165,0.025320308824750254
0.0013104012040124511,0.0002688623542428504,0.997901936165994,0.03865843871931814
0.00142612774287574,0.00046891675863442746,0.9980971747475406,0.03506101779339735
0.0007577845533164357,0.0002814218235768508,0.9984395931828686,0.028751694938705483
0.0012736199009628787,0.0003917657327255682,0.9980806545598713,0.035365414948667566
0.0008412153138922952,0.00033883654053228096,0.9987850152886819,0.022359354678030824
0.0009389997537070122,0.00022669842147870638,0.9982984206700579,0.03138057946149376
0.001417156693351454,0.0003729265287245676,0.99811369493521,0.03475662063812712
0.0030086208789597848,0.0005693925133064304,0.9952812336675408,0.08694689653263966
0.002016422801573757,0.00018453448871456234,0.9969092230705914,0.056922268035531444
0.0007999484860805797,0.00028501024338656517,0.9989367006481912,0.01956443534327697
0.0006806335274075763,0.0001665923896659904,0.9989652355178019,0.019066330907380247
0.0032625015804970776,0.0005110806913985716,0.9937328415323516,0.11547721172205772
0.0013112983089648797,0.0004725051784441419,0.9983855271141325,0.02974790381049893
0.0012296617582938775,0.0005397880498762867,0.9985612418375246,0.02653789744583114
0.001555310856025458,0.0001459589757601327,0.9975940599412473,0.04433129479480864
0.0013588448714435953,0.0004025309921547113,0.9981302151228792,0.034452223482856904
0.0010278131439974433,0.00038638310301099656,0.9988345758516899,0.02147383568088109
0.0016656547651741752,0.0009820607914235847,0.9985447216498552,0.026786949663779504
0.0021608566989147608,0.00034601338015170975,0.9962529210695461,0.06904280930901845
0.0010116652548537283,0.0002957755028157083,0.9981106912647246,0.03481196557544898
0.001081639441143159,0.00016390107480870463,0.9982053068850126,0.03306860004981044
0.0011964688750540195,0.00035229311481870993,0.9975565140601806,0.04502310651133187
0.00966513962597997,0.0010000028904721568,0.9826973561692379,0.31884218391122665
0.0006178361807375746,0.00027424498395742204,0.9987189345380045,0.02360461576777264
0.0017580565752743208,0.00032896838605556643,0.997604572787946,0.04416525998284306
0.0006205274955948603,0.0001136631974727032,0.9987835134534392,0.022414699615352685
0.0017428057910830348,0.0007111350957901486,0.9979830352690979,0.03716412541162797
0.000534405420161715,0.00019440264319127692,0.9988706198975139,0.02080969643301879
0.000621424600547289,0.0002015794828107057,0.9986543556225699,0.02476685945153167
0.0006573985091396757,7.320376411817349e-05,0.9989335467941816,0.019650219996125855
0.0007389453493154352,0.00023118394624084933,0.9988796309089699,0.020671334089714142
0.0006160419708327174,0.0001692837045232762,0.9988090446525646,0.021944267648116886
0.0022738919229207642,0.0005092864814937144,0.9954494392147195,0.08387525251127652
0.011828059666285319,0.0008223761098912946,0.9797687774460382,0.37277582533137776
0.0006043796064511456,0.00013609082128341812,0.9990403272799352,0.017655035005672854
0.0028211259439022084,0.000994620260757585,0.993587163513813,0.0
0.038148401286578405,0.0008134050603670087,0.9362979611084737,0.0
0.01750493980525348,0.0005442735746384297,0.9706931870746043,0.0
0.0016575808206023182,0.001101375750096588,0.9956852273478182,0.0
0.0033387555014535086,0.000654617483787147,0.993884526891861,0.0
0.0014691887805923125,0.0009515592230410126,0.9961703201311994,0.0
0.0018477670705171806,0.0005684954083540018,0.9962108696827514,0.0
0.009403543821851794,0.00020606500757284867,0.9844064446753924,0.0
0.0017060244880334622,0.0009219547596108689,0.9959870962315941,0.0
0.003381816539170081,0.0003280712811031378,0.9941939049518502,0.0
0.002390515566736482,0.0008465979436068667,0.9949583390903676,0.0
0.08811248219109862,0.0007407395592202924,0.8531385352901237,0.0
0.013408103705849233,0.0005980998717841455,0.9765529877510309,0.0
0.0032813407844980787,0.00033165970091285216,0.994024197569429,0.0
0.0016010632085993164,0.000890556086275868,0.9964526651568207,0.0
0.006451709686380739,0.0007227974601717205,0.9885109603936001,0.0
0.0016602721354596038,0.0006241159154045747,0.9966193688687567,0.0
0.004702355029144976,0.0015876066343128875,0.9896358349903573,0.0
0.0023133645408276223,0.0011291860036218746,0.9942780077254396,0.0
0.00822080065256993,0.0014916164044030276,0.9837261133104646,0.0
0.009631049637787685,0.00132385777829888,0.9820816037197446,0.0
0.0022003293168216193,0.0004159875664411403,0.9963565477012901,0.0
0.004043879994062385,0.0005048009567315714,0.9923451457681278,0.0
0.0096032393842624,0.0019087702072823252,0.9808005382577502,0.0
0.0034831893987945124,0.0012843851603920218,0.9920462805548371,0.0
0.0035998130426102303,0.0004303412456799978,0.9936472369235196,0.0
0.01139296376435745,0.002069351993767044,0.9775175264172811,0.0
0.015162598774462412,0.0015804297946934588,0.9719862672185402,0.0
0.0017562623653694636,0.0005514504142578585,0.9966554129145807,0.0
0.0013005330495357366,0.0004375180852994266,0.997023362549034,0.0
0.0014862337746884562,0.0008564660980835814,0.9962048623417807,0.0
0.0020146285916688997,0.00035229311481870993,0.9965517862828367,0.0
0.001831619181373466,0.0012556778019143066,0.9952226620930769,0.0
0.002234419305013906,0.0007371511394105779,0.9964721890149754,0.0
0.0016495068760304606,0.00106190313218973,0.9957618209451942,0.0
0.009293738175674533,0.0010995815401917308,0.9827529240732166,0.0
0.005232185214049305,0.0002932636089489082,0.9907132515934464,0.0
0.002062354575138101,0.00015313581537956144,0.9964356944185786,0.0
0.0013409027723950235,0.000570289618258859,0.9967920799216634,0.0
0.004663779516190546,0.00036305837424785306,0.9920567934015359,0.0
0.00770406819997106,0.0016701402899363183,0.9843478731009284,0.0
0.0023268211151140513,0.0006608972184541473,0.9952106474111355,0.0
0.004977766249540554,0.0015328832322147432,0.989137225689792,0.0
0.009149304278333529,0.001484439564783599,0.9821942413629446,0.0
0.0019419630905221834,0.0004097078317741401,0.9966659257612794,0.0
0.007254618618804332,0.0008322442643680093,0.9866591975393922,0.0
0.002779859116090493,0.0006250130203570033,0.9942479710205863,0.0
0.0012054399245783054,0.0009407939636118694,0.9966884532899194,0.0
0.010142668592157714,0.00042137019615571186,0.9823480292917937,0.0
0.006298304739515448,0.00116417309676659,0.9878291271934295,0.0
0.00035452463964967583,0.00035452463964967583,0.9999999999999991,0.0
7.437928137542773e-05,7.437928137542773e-05,0.9999999999999991,0.0
7.166549812318342e-05,7.166549812318342e-05,0.9999999999999991,0.0
9.79890903722078e-05,9.79890903722078e-05,0.9999999999999991,0.0
0.0001483882821597385,0.0001483882821597385,0.9999999999999991,0.0
6.502569387499977e-05,6.502569387499977e-05,0.9999999999999991,0.0
0.00039950611788776465,0.00039950611788776465,0.9999999999999991,0.0
0.00016062604904961287,0.00016062604904961287,0.9999999999999991,0.0
0.00034217101885463335,0.00034217101885463335,0.9999999999999991,0.0
0.00012426163763014098,0.00012426163763014098,0.9999999999999991,0.0
2.1509660018708524e-07,2.1509660018708524e-07,0.9999999999999991,0.0
0.00011814382993911394,0.00011814382993911394,0.9999999999999991,0.0
0.00028383109496897123,0.00028383109496897123,0.9999999999999991,0.0
6.760442195764024e-05,6.760442195764024e-05,0.9999999999999991,0.0
0.000857827441976477,0.000857827441976477,0.9999999999999991,0.0
6.714780960570999e-05,6.714780960570999e-05,0.9999999999999991,0.0
1.8940713921881605e-06,1.8940713921881605e-06,0.9999999999999991,0.0
9.132615487669061e-05,9.132615487669061e-05,0.9999999999999991,0.0
0.00022788919318412484,0.00022788919318412484,0.9999999999999991,0.0
4.6920893348927986e-05,4.6920893348927986e-05,0.9999999999999991,0.0
0.00013067351413851024,0.00013067351413851024,0.9999999999999991,0.0
0.0001492431398630153,0.0001492431398630153,0.9999999999999991,0.0
0.0006518031337873372,0.0006518031337873372,0.9999999999999991,0.0
9.627134240619076e-05,9.627134240619076e-05,0.9999999999999991,0.0
0.00015838957752278506,0.00015838957752278506,0.9999999999999991,0.0
0.0001277511734164747,0.0001277511734164747,0.9999999999999991,0.0
0.0006328674328001707,0.0006328674328001707,0.9999999999999991,0.0
0.0004499736079262937,0.0004499736079262937,0.9999999999999991,0.0
0.00012777125552232568,0.00012777125552232568,0.9999999999999991,0.0
0.00012757443127075206,0.00012757443127075206,0.9999999999999991,0.0
0.0006692876758285372,0.0006692876758285372,0.9999999999999991,0.0
8.058435125446468e-05,8.058435125446468e-05,0.9999999999999991,0.0
6.91836993268496e-05,6.91836993268496e-05,0.9999999999999991,0.0
0.000628382097701553,0.000628382097701553,0.9999999999999991,0.0
0.00015728256005596137,0.00015728256005596137,0.9999999999999991,0.0
0.0005087693056422959,0.0005087693056422959,0.9999999999999991,0.0
0.00022350119658539252,0.00022350119658539252,0.9999999999999991,0.0
9.487876025456023e-05,9.487876025456023e-05,0.9999999999999991,0.0
0.0001475683046148309,0.0001475683046148309,0.9999999999999991,0.0
8.278555992649781e-05,8.278555992649781e-05,0.9999999999999991,0.0
0.00018511849567814627,0.00018511849567814627,0.9999999999999991,0.0
0.00041372493541037814,0.00041372493541037814,0.9999999999999991,0.0
0.0003042401296872516,0.0003042401296872516,0.9999999999999991,0.0
0.00041310700754208985,0.00041310700754208985,0.9999999999999991,0.0
0.00048343336840814683,0.00048343336840814683,0.9999999999999991,0.0
9.701345906320436e-05,9.701345906320436e-05,0.9999999999999991,0.0
0.00039697369704160706,0.00039697369704160706,0.9999999999999991,0.0
0.00018652227848638012,0.00018652227848638012,0.9999999999999991,0.0
4.1279649107290544e-05,4.1279649107290544e-05,0.9999999999999991,0.0
0.00018747055248286324,0.00018747055248286324,0.9999999999999991,0.0
5.580036929785965e-06,5.580036929785965e-06,0.9999999999999991,0.0
0.00020895114419319224,0.00020895114419319224,0.9999999999999991,0.0
4.975354440680398e-07,4.975354440680398e-07,0.9999999999999991,0.0
0.0005519281741919162,0.0005519281741919162,0.9999999999999991,0.0
0.0006568519226894165,0.0006568519226894165,0.9999999999999991,0.0
4.592181365658698e-05,4.592181365658698e-05,0.9999999999999991,0.0
0.00029684775721552855,0.00029684775721552855,0.9999999999999991,0.0
0.00015610336647022693,0.00015610336647022693,0.9999999999999991,0.0
4.441811889578149e-05,4.441811889578149e-05,0.9999999999999991,0.0
0.0001609204951209539,0.0001609204951209539,0.9999999999999991,0.0
0.00044856390861140695,0.00044856390861140695,0.9999999999999991,0.0
0.00044556559036797785,0.00044556559036797785,0.9999999999999991,0.0
9.304438784265748e-05,9.304438784265748e-05,0.9999999999999991,0.0
0.00043287813918474444,0.00043287813918474444,0.9999999999999991,0.0
0.000794429030472792,0.000794429030472792,0.9999999999999991,0.0
0.0006462087933676865,0.0006462087933676865,0.9999999999999991,0.0
1.2884966920323472e-05,1.2884966920323472e-05,0.9999999999999991,0.0
0.0005757633783827429,0.0005757633783827429,0.9999999999999991,0.0
0.0005942444679726505,0.0005942444679726505,0.9999999999999991,0.0
6.46952931268866e-05,6.46952931268866e-05,0.9999999999999991,0.0
4.098858499281146e-06,4.098858499281146e-06,0.9999999999999991,0.0
0.00044997882650690883,0.00044997882650690883,0.9999999999999991,0.0
9.299411682506961e-05,9.299411682506961e-05,0.9999999999999991,0.0
6.00959214151619e-05,6.00959214151619e-05,0.9999999999999991,0.0
0.00040880907832421083,0.00040880907832421083,0.9999999999999991,0.0
0.00012672242394063386,0.00012672242394063386,0.9999999999999991,0.0
3.1939331731488443e-05,3.1939331731488443e-05,0.9999999999999991,0.0
1.5362165501643897e-05,1.5362165501643897e-05,0.9999999999999991,0.0
0.0006329548088833431,0.0006329548088833431,0.9999999999999991,0.0
0.00035309013088569537,0.00035309013088569537,0.9999999999999991,0.0
5.944362350349935e-05,5.944362350349935e-05,0.9999999999999991,0.0
2.1844092308290036e-05,2.1844092308290036e-05,0.9999999999999991,0.0
9.818937618430859e-05,9.818937618430859e-05,0.9999999999999991,0.0
1.5259224454469392e-05,1.5259224454469392e-05,0.9999999999999991,0.0
0.00013851242158350094,0.00013851242158350094,0.9999999999999991,0.0
9.328703201518283e-05,9.328703201518283e-05,0.9999999999999991,0.0
0.0004429008484562567,0.0004429008484562567,0.9999999999999991,0.0
9.822681942570469e-05,9.822681942570469e-05,0.9999999999999991,0.0
0.00047252637673677293,0.00047252637673677293,0.9999999999999991,0.0
4.343604049785206e-06,4.343604049785206e-06,0.9999999999999991,0.0
0.0001468610174705423,0.0001468610174705423,0.9999999999999991,0.0
0.0006571978138748574,0.0006571978138748574,0.9999999999999991,0.0
0.00015301628023710665,0.00015301628023710665,0.9999999999999991,0.0
0.00031408524340628127,0.00031408524340628127,0.9999999999999991,0.0
0.00012512898044102916,0.00012512898044102916,0.9999999999999991,0.0
0.000530869874382139,0.000530869874382139,0.9999999999999991,0.0
0.0004670498349854836,0.0004670498349854836,0.9999999999999991,0.0
0.0002907316163112872,0.0002907316163112872,0.9999999999999991,0.0
0.0033789539273154303,0.0033789539273154303,0.9999999999999992,7.951804050142007e-16
0.015248627154214656,0.015248627154214656,0.9999999999999992,2.585343904640292e-15
0.0023112572054101695,0.0023112572054101695,0.9999999999999994,5.652959570523286e-15
0.002476550659478629,0.002476550659478629,0.9999999999999993,2.401848331907491e-15
0.0024313007412853486,0.0024313007412853486,0.9999999999999993,2.561854123436125e-15
0.001424458374096063,0.001424458374096063,0.9999999999999993,2.5806984531090016e-15
0.05303444125112681,0.05303444125112681,0.9999999999999993,2.324927033239718e-15
0.0029548196119843152,0.0029548196119843152,0.9999999999999992,6.836498923873244e-16
0.003711369992154717,0.003711369992154717,0.9999999999999993,2.6349908185081257e-15
0.002132857761004601,0.002132857761004601,0.9999999999999992,1.3387905930392498e-15
0.0027845618514393496,0.0027845618514393496,0.9999999999999994,3.640464635476776e-15
0.002563317322157004,0.002563317322157004,0.9999999999999992,1.8433572238979437e-15
0.01600255657719806,0.01600255657719806,0.9999999999999993,2.2740658709239244e-15
0.01122106360929595,0.01122106360929595,0.9999999999999993,2.084912527785356e-15
0.009540708827634201,0.009540708827634201,0.9999999999999993,1.5975758917453025e-15
0.0024798648110507435,0.0024798648110507435,0.9999999999999993,1.464460988777937e-15
0.005778997691824425,0.005778997691824425,0.9999999999999993,2.0736430630827147e-16
0.0022269350275272797,0.0022269350275272797,0.9999999999999992,2.7035891191853224e-15
0.005454853044357353,0.005454853044357353,0.9999999999999993,9.979209243902128e-16
0.003199777932816314,0.003199777932816314,0.9999999999999994,3.434537271173787e-15
0.002753465432637523,0.002753465432637523,0.9999999999999992,1.1712877770313495e-15
0.0021996083233465184,0.0021996083233465184,0.9999999999999994,2.0410029445331865e-15
0.0036748579265040633,0.0036748579265040633,0.9999999999999996,4.909760560317515e-15
0.0030605144477466955,0.0030605144477466955,0.9999999999999993,1.5678358302673057e-15
0.0016625073552063105,0.0016625073552063105,0.9999999999999992,2.7942639940364315e-15
0.005436763122575962,0.005436763122575962,0.9999999999999993,1.0553096357034342e-15
0.0016618968463547493,0.0016618968463547493,0.9999999999999992,2.9493593823504994e-15
0.016402848317605394,0.016402848317605394,0.9999999999999992,2.3784179554390375e-15
0.002962216932076492,0.002962216932076492,0.9999999999999993,1.926751736848995e-16
0.04672820691588837,0.04672820691588837,0.9999999999999994,5.564031884598904e-15
0.0026863948010423166,0.0026863948010423166,0.9999999999999992,2.037352061864211e-15
0.00987428975666003,0.00987428975666003,0.9999999999999992,1.1468207613994554e-15
0.0014329637723237412,0.0014329637723237412,0.9999999999999992,1.720466557821623e-15
0.001435409773206307,0.001435409773206307,0.9999999999999993,2.938489999870558e-15
0.004487636960801557,0.004487636960801557,0.9999999999999993,1.751692349344825e-15
0.012985889360846433,0.012985889360846433,0.9999999999999992,9.831225613636991e-16
0.0037078815890730305,0.0037078815890730305,0.9999999999999994,3.739871632564867e-15
0.012465671698793925,0.012465671698793925,0.9999999999999991,2.001714626564895e-15
0.0029532374974923403,0.0029532374974923403,0.9999999999999992,7.886579504371376e-16
0.002245728494519824,0.002245728494519824,0.9999999999999994,4.053181049618288e-15
0.011716805821267542,0.011716805821267542,0.9999999999999993,1.9654421352829907e-15
0.0014263955230316317,0.0014263955230316317,0.9999999999999993,2.3847761393394512e-15
0.0025584764711924185,0.0025584764711924185,0.9999999999999994,4.305118531568868e-15
0.0027238882606570123,0.0027238882606570123,0.9999999999999993,2.9418946755896255e-15
0.002243489829661575,0.002243489829661575,0.9999999999999994,4.5938375946101096e-15
0.036801781869870535,0.00142658214928946,0.9485300748394845,0.0
0.004285718926434066,0.00068232403513,0.9928178504790487,0.0
0.006804881182900976,0.0002750350416730753,0.9900443923839184,0.0
0.005322609639120524,0.0003231558685206729,0.9919831253174078,0.0
0.006671185284839098,0.0008378440444710572,0.9893896172543799,0.0
0.002341527770720059,0.0007037743693054659,0.9951523909777171,0.0
0.01569902059036699,0.00038650736369882335,0.9778306463321855,0.0
0.0086586694318856,0.0016237442320355948,0.9827994769628557,0.0
0.026037016705982442,0.0007142701627369145,0.9625134994505049,0.0
0.005759446181664012,0.0008169606969998323,0.9905745356517236,0.0
0.0036484596042708536,0.0004969249131657606,0.994282509703337,0.0
0.014371528523058223,0.00025314548323906685,0.979524272023928,0.0
0.006533016616827177,0.0006746766385736404,0.9897445167235187,0.0
0.005946450062100355,0.00047402933250985363,0.9909661210387251,0.0
0.0038060548681931035,0.0001958914393134732,0.9942938997066563,0.0
0.003663326734132476,0.00023653511374460131,0.9944693016386167,0.0
0.0020683918161739615,0.0005512614663229099,0.996582173429363,0.0
0.0035440221707420142,0.0003935653935080573,0.9943076181418825,0.0
0.0020492929335660334,0.00041299108491613996,0.9965392325817943,0.0
0.003972427457187481,0.00023280226424596674,0.9940568843659666,0.0
0.023513045831497433,0.0004466711088395389,0.966211652008832,0.0
0.0038718269596542828,0.00014669211884090502,0.9943188146296289,0.0
0.005700465705596376,0.00030442019915738326,0.9914758293048012,0.0
0.009578909650822054,0.0005318790801364714,0.9859160025744205,0.0
0.020147769572396536,0.0008319221791651084,0.9713534416650619,0.0
0.026104752993327412,0.0008272529583502358,0.962465996422689,0.0
0.004434025986263262,0.0006807031929460743,0.9928354878205907,0.0
0.0067800636889859805,0.0004746169601394611,0.9898177589106641,0.0
0.006828085753169846,0.00044806489894064715,0.9898424350870747,0.0
0.015259624038352432,0.00029853532290574007,0.9782074277812391,0.0
0.009889115720720279,0.0005829848923294256,0.9855522646927437,0.0
0.003378325539946599,0.0003281959596468336,0.9941880085209931,0.0
0.00762547122493038,0.0005801896820639462,0.9884266437519444,0.0
0.011106112218712707,0.00034954755906070893,0.9839467193978855,0.0
0.0016551887247391536,0.0010896810592100055,0.9957079200014273,0.0
0.0020851572383641446,0.0001965765197048589,0.9964226140828755,0.0
0.019571865686160064,0.0008083069100998535,0.9721962904158333,0.0
0.007888288449096593,0.001304358640641703,0.9856145445978484,0.0
0.009751899623562694,0.0005319996490855971,0.9856448600085196,0.0
0.0014346339038217096,0.0005860869999599859,0.9967413912699922,0.0
0.003285054321632062,0.0003324933521061954,0.9940282152284822,0.0
0.0015748409802965678,0.0009026860966472075,0.9963965229931437,0.0
0.0036136582797190128,0.00042562472139290276,0.9943510244909362,0.0
0.03642265632042294,0.0006709221118366126,0.9469915905014124,0.0
0.003524432472126803,0.00044305515843069665,0.994272234131659,0.0
0.016423481806698406,0.0009350498827229296,0.9763058649407516,0.0
0.0015609965809592111,0.0008786613061952117,0.996366201061508,0.0
0.015776649910025867,0.0002087579869098074,0.9773350933739877,0.0
0.022687690131959457,0.0005944132278309227,0.96821008774134,0.0
